155555555555555555555555555555555555555555555555555555555555555555555555555555555555555555555555555555555555551
500000000000000000000000000000000000550000000000000000000000000000000000055000000000000000000000000000000000005
500000000000000000000000000000000000550000000000000000000000000000000000055000000000000000000000000000000000005
500000000000002222220000000000000000550000000000000000000000000000000000055000000000000000000000000000000000005
500000000000022222220000000000000000550000333333333333333333333333300000055000000004444444444444444444444000005
500000000000222022220000000000000000550000333333333333333333333333300000055000000004444444444444444444444000005
500000000002220022220000000000000000550000333333333333333333333333300000055000000004444444444444444444444000005
500000000022200022220000000000000000550000000000000000033333333333300000055000000004444444440000000000000000005
500000000222000022220000000000000000550000000000000000033333333333300000055000000004444444440000000000000000005
500000002220000022220000000000000000550000000000000000033333333333300000055000000004444444440000000000000000005
500000022200000022220000000000000000550000000000000000033333333333300000055000000004444444440000000000000000005
500000222000000022220000000000000000550000000000000000033333333333300000055000000004444444440000000000000000005
500002220000000022220000000000000000000000000000000000033333333333300000000000000004444444444444444444444000005
500022200000000022220000000000000000000000000000000000033333333333300000000000000004444444444444444444444000005
5000000000000000222200000000000X0000000000333333333333333333333333300000000000000004444444444444444444444000005
500000000000000022220000000000000000000000333333333333333333333333300000000000000000000000000000004444444000005
500000000000000022220000000000000000550000333333333333000000000000000000055000000000000000000000004444444000005
500000000000000022220000000000000000550000333333333333000000000000000000055000000000000000000000004444444000005
500000000000000022220000000000000000550000333333333333000000000000000000055000000000000000000000004444444000005
500000000000000022220000000000000000550000333333333333000000000000000000055000000000000000000000004444444000005
500000000000000022220000000000000000550000333333333333000000000000000000055000000000000000000000004444444000005
500000000000000022220000000000000000550000333333333333333333333333300000055000000004444444444444444444444000005
500002222222222222222222222200000000550000333333333333333333333333300000055000000004444444444444444444444000005
500002222222222222222222222200000000550000333333333333333333333333300000055000000004444444444444444444444000005
500002222222222222222222222200000000550000333333333333333333333333300000055000000004444444444444444444444000005
500000000000000000000000000000000000550000000000000000000000000000000000055000000000000000000000000000000000005
500000000000000000000000000000000000550000000000000000000000000000000000055000000000000000000000000000000000005
500000000000000000000000000000000000550000000000000000000000000000000000055000000000000000000000000000000000005
500000000000000000000000000000000000550000000000000000000000000000000000055000000000000000000000000000000000005
155555555555555555555555555555555555555555555555555555555555555555555555555555555555555555555555555555555555551
500000000000000000000000000000000000550000000000000000000000000000000000055000000000000000000000000000000000005
500000000000000000000000000000000000550000000000000000000000000000000000055000000000000000000000000000000000005
500000000000002222220000000000000000550000000000000000000000000000000000055000000000000000000000000000000000005
500000000000022222220000000000000000550000333333333333333333333333300000055000000004444444444444444444444000005
500000000000222022220000000000000000550000333333333333333333333333300000055000000004444444444444444444444000005
500000000002220022220000000000000000550000333333333333333333333333300000055000000004444444444444444444444000005
500000000022200022220000000000000000550000000000000000033333333333300000055000000004444444440000000000000000005
500000000222000022220000000000000000550000000000000000033333333333300000055000000004444444440000000000000000005
500000002220000022220000000000000000550000000000000000033333333333300000055000000004444444440000000000000000005
500000022200000022220000000000000000550000000000000000033333333333300000055000000004444444440000000000000000005
500000222000000022220000000000000000550000000000000000033333333333300000055000000004444444440000000000000000005
500002220000000022220000000000000000000000000000000000033333333333300000000000000004444444444444444444444000005
500022200000000022220000000000000000000000000000000000033333333333300000000000000004444444444444444444444000005
5000000000000000222200000000000X0000000000333333333333333333333333300000000000000004444444444444444444444000005
500000000000000022220000000000000000000000333333333333333333333333300000000000000000000000000000004444444000005
500000000000000022220000000000000000550000333333333333000000000000000000055000000000000000000000004444444000005
500000000000000022220000000000000000550000333333333333000000000000000000055000000000000000000000004444444000005
500000000000000022220000000000000000550000333333333333000000000000000000055000000000000000000000004444444000005
500000000000000022220000000000000000550000333333333333000000000000000000055000000000000000000000004444444000005
500000000000000022220000000000000000550000333333333333000000000000000000055000000000000000000000004444444000005
500000000000000022220000000000000000550000333333333333333333333333300000055000000004444444444444444444444000005
500002222222222222222222222200000000550000333333333333333333333333300000055000000004444444444444444444444000005
500002222222222222222222222200000000550000333333333333333333333333300000055000000004444444444444444444444000005
500002222222222222222222222200000000550000333333333333333333333333300000055000000004444444444444444444444000005
500000000000000000000000000000000000550000000000000000000000000000000000055000000000000000000000000000000000005
500000000000000000000000000000000000550000000000000000000000000000000000055000000000000000000000000000000000005
500000000000000000000000000000000000550000000000000000000000000000000000055000000000000000000000000000000000005
500000000000000000000000000000000000550000000000000000000000000000000000055000000000000000000000000000000000005
155555555555555555555555555555555555555555555555555555555555555555555555555555555555555555555555555555555555551
155555555555555555555555555555555555555555555555555555555555555555555555555555555555555555555555555555555555551
500000000000000000000000000000000000550000000000000000000000000000000000055000000000000000000000000000000000005
500000000000000000000000000000000000550000000000000000000000000000000000055000000000000000000000000000000000005
500000000000002222220000000000000000550000000000000000000000000000000000055000000000000000000000000000000000005
500000000000022222220000000000000000550000333333333333333333333333300000055000000004444444444444444444444000005
500000000000222022220000000000000000550000333333333333333333333333300000055000000004444444444444444444444000005
500000000002220022220000000000000000550000333333333333333333333333300000055000000004444444444444444444444000005
500000000022200022220000000000000000550000000000000000033333333333300000055000000004444444440000000000000000005
500000000222000022220000000000000000550000000000000000033333333333300000055000000004444444440000000000000000005
500000002220000022220000000000000000550000000000000000033333333333300000055000000004444444440000000000000000005
500000022200000022220000000000000000550000000000000000033333333333300000055000000004444444440000000000000000005
500000222000000022220000000000000000550000000000000000033333333333300000055000000004444444440000000000000000005
500002220000000022220000000000000000000000000000000000033333333333300000000000000004444444444444444444444000005
500022200000000022220000000000000000000000000000000000033333333333300000000000000004444444444444444444444000005
5000000000000000222200000000000X0000000000333333333333333333333333300000000000000004444444444444444444444000005
500000000000000022220000000000000000000000333333333333333333333333300000000000000000000000000000004444444000005
500000000000000022220000000000000000550000333333333333000000000000000000055000000000000000000000004444444000005
500000000000000022220000000000000000550000333333333333000000000000000000055000000000000000000000004444444000005
500000000000000022220000000000000000550000333333333333000000000000000000055000000000000000000000004444444000005
500000000000000022220000000000000000550000333333333333000000000000000000055000000000000000000000004444444000005
500000000000000022220000000000000000550000333333333333000000000000000000055000000000000000000000004444444000005
500000000000000022220000000000000000550000333333333333333333333333300000055000000004444444444444444444444000005
500002222222222222222222222200000000550000333333333333333333333333300000055000000004444444444444444444444000005
500002222222222222222222222200000000550000333333333333333333333333300000055000000004444444444444444444444000005
500002222222222222222222222200000000550000333333333333333333333333300000055000000004444444444444444444444000005
500000000000000000000000000000000000550000000000000000000000000000000000055000000000000000000000000000000000005
500000000000000000000000000000000000550000000000000000000000000000000000055000000000000000000000000000000000005
500000000000000000000000000000000000550000000000000000000000000000000000055000000000000000000000000000000000005
500000000000000000000000000000000000550000000000000000000000000000000000055000000000000000000000000000000000005
155555555555555555555555555555555555555555555555555555555555555555555555555555555555555555555555555555555555551
155555555555555555555555555555555555555555555555555555555555555555555555555555555555555555555555555555555555551
500000000000000000000000000000000000550000000000000000000000000000000000055000000000000000000000000000000000005
500000000000000000000000000000000000550000000000000000000000000000000000055000000000000000000000000000000000005
500000000000002222220000000000000000550000000000000000000000000000000000055000000000000000000000000000000000005
500000000000022222220000000000000000550000333333333333333333333333300000055000000004444444444444444444444000005
500000000000222022220000000000000000550000333333333333333333333333300000055000000004444444444444444444444000005
500000000002220022220000000000000000550000333333333333333333333333300000055000000004444444444444444444444000005
500000000022200022220000000000000000550000000000000000033333333333300000055000000004444444440000000000000000005
500000000222000022220000000000000000550000000000000000033333333333300000055000000004444444440000000000000000005
500000002220000022220000000000000000550000000000000000033333333333300000055000000004444444440000000000000000005
500000022200000022220000000000000000550000000000000000033333333333300000055000000004444444440000000000000000005
500000222000000022220000000000000000550000000000000000033333333333300000055000000004444444440000000000000000005
500002220000000022220000000000000000000000000000000000033333333333300000000000000004444444444444444444444000005
500022200000000022220000000000000000000000000000000000033333333333300000000000000004444444444444444444444000005
5000000000000000222200000000000X0000000000333333333333333333333333300000000000000004444444444444444444444000005
500000000000000022220000000000000000000000333333333333333333333333300000000000000000000000000000004444444000005
500000000000000022220000000000000000550000333333333333000000000000000000055000000000000000000000004444444000005
500000000000000022220000000000000000550000333333333333000000000000000000055000000000000000000000004444444000005
500000000000000022220000000000000000550000333333333333000000000000000000055000000000000000000000004444444000005
500000000000000022220000000000000000550000333333333333000000000000000000055000000000000000000000004444444000005
500000000000000022220000000000000000550000333333333333000000000000000000055000000000000000000000004444444000005
500000000000000022220000000000000000550000333333333333333333333333300000055000000004444444444444444444444000005
500002222222222222222222222200000000550000333333333333333333333333300000055000000004444444444444444444444000005
500002222222222222222222222200000000550000333333333333333333333333300000055000000004444444444444444444444000005
500002222222222222222222222200000000550000333333333333333333333333300000055000000004444444444444444444444000005
500000000000000000000000000000000000550000000000000000000000000000000000055000000000000000000000000000000000005
500000000000000000000000000000000000550000000000000000000000000000000000055000000000000000000000000000000000005
500000000000000000000000000000000000550000000000000000000000000000000000055000000000000000000000000000000000005
500000000000000000000000000000000000550000000000000000000000000000000000055000000000000000000000000000000000005
155555555555555555555555555555555555555555555555555555555555555555555555555555555555555555555555555555555555551
155555555555555555555555555555555555555555555555555555555555555555555555555555555555555555555555555555555555551
500000000000000000000000000000000000550000000000000000000000000000000000055000000000000000000000000000000000005
500000000000000000000000000000000000550000000000000000000000000000000000055000000000000000000000000000000000005
500000000000002222220000000000000000550000000000000000000000000000000000055000000000000000000000000000000000005
500000000000022222220000000000000000550000333333333333333333333333300000055000000004444444444444444444444000005
500000000000222022220000000000000000550000333333333333333333333333300000055000000004444444444444444444444000005
500000000002220022220000000000000000550000333333333333333333333333300000055000000004444444444444444444444000005
500000000022200022220000000000000000550000000000000000033333333333300000055000000004444444440000000000000000005
500000000222000022220000000000000000550000000000000000033333333333300000055000000004444444440000000000000000005
500000002220000022220000000000000000550000000000000000033333333333300000055000000004444444440000000000000000005
500000022200000022220000000000000000550000000000000000033333333333300000055000000004444444440000000000000000005
500000222000000022220000000000000000550000000000000000033333333333300000055000000004444444440000000000000000005
500002220000000022220000000000000000000000000000000000033333333333300000000000000004444444444444444444444000005
500022200000000022220000000000000000000000000000000000033333333333300000000000000004444444444444444444444000005
5000000000000000222200000000000X0000000000333333333333333333333333300000000000000004444444444444444444444000005
500000000000000022220000000000000000000000333333333333333333333333300000000000000000000000000000004444444000005
500000000000000022220000000000000000550000333333333333000000000000000000055000000000000000000000004444444000005
500000000000000022220000000000000000550000333333333333000000000000000000055000000000000000000000004444444000005
500000000000000022220000000000000000550000333333333333000000000000000000055000000000000000000000004444444000005
500000000000000022220000000000000000550000333333333333000000000000000000055000000000000000000000004444444000005
500000000000000022220000000000000000550000333333333333000000000000000000055000000000000000000000004444444000005
500000000000000022220000000000000000550000333333333333333333333333300000055000000004444444444444444444444000005
500002222222222222222222222200000000550000333333333333333333333333300000055000000004444444444444444444444000005
500002222222222222222222222200000000550000333333333333333333333333300000055000000004444444444444444444444000005
500002222222222222222222222200000000550000333333333333333333333333300000055000000004444444444444444444444000005
500000000000000000000000000000000000550000000000000000000000000000000000055000000000000000000000000000000000005
500000000000000000000000000000000000550000000000000000000000000000000000055000000000000000000000000000000000005
500000000000000000000000000000000000550000000000000000000000000000000000055000000000000000000000000000000000005
500000000000000000000000000000000000550000000000000000000000000000000000055000000000000000000000000000000000005
155555555555555555555555555555555555555555555555555555555555555555555555555555555555555555555555555555555555551
155555555555555555555555555555555555555555555555555555555555555555555555555555555555555555555555555555555555551
500000000000000000000000000000000000550000000000000000000000000000000000055000000000000000000000000000000000005
500000000000000000000000000000000000550000000000000000000000000000000000055000000000000000000000000000000000005
500000000000002222220000000000000000550000000000000000000000000000000000055000000000000000000000000000000000005
500000000000022222220000000000000000550000333333333333333333333333300000055000000004444444444444444444444000005
500000000000222022220000000000000000550000333333333333333333333333300000055000000004444444444444444444444000005
500000000002220022220000000000000000550000333333333333333333333333300000055000000004444444444444444444444000005
500000000022200022220000000000000000550000000000000000033333333333300000055000000004444444440000000000000000005
500000000222000022220000000000000000550000000000000000033333333333300000055000000004444444440000000000000000005
500000002220000022220000000000000000550000000000000000033333333333300000055000000004444444440000000000000000005
500000022200000022220000000000000000550000000000000000033333333333300000055000000004444444440000000000000000005
500000222000000022220000000000000000550000000000000000033333333333300000055000000004444444440000000000000000005
500002220000000022220000000000000000000000000000000000033333333333300000000000000004444444444444444444444000005
500022200000000022220000000000000000000000000000000000033333333333300000000000000004444444444444444444444000005
5000000000000000222200000000000X0000000000333333333333333333333333300000000000000004444444444444444444444000005
500000000000000022220000000000000000000000333333333333333333333333300000000000000000000000000000004444444000005
500000000000000022220000000000000000550000333333333333000000000000000000055000000000000000000000004444444000005
500000000000000022220000000000000000550000333333333333000000000000000000055000000000000000000000004444444000005
500000000000000022220000000000000000550000333333333333000000000000000000055000000000000000000000004444444000005
500000000000000022220000000000000000550000333333333333000000000000000000055000000000000000000000004444444000005
500000000000000022220000000000000000550000333333333333000000000000000000055000000000000000000000004444444000005
500000000000000022220000000000000000550000333333333333333333333333300000055000000004444444444444444444444000005
500002222222222222222222222200000000550000333333333333333333333333300000055000000004444444444444444444444000005
500002222222222222222222222200000000550000333333333333333333333333300000055000000004444444444444444444444000005
500002222222222222222222222200000000550000333333333333333333333333300000055000000004444444444444444444444000005
500000000000000000000000000000000000550000000000000000000000000000000000055000000000000000000000000000000000005
500000000000000000000000000000000000550000000000000000000000000000000000055000000000000000000000000000000000005
500000000000000000000000000000000000550000000000000000000000000000000000055000000000000000000000000000000000005
500000000000000000000000000000000000550000000000000000000000000000000000055000000000000000000000000000000000005
155555555555555555555555555555555555555555555555555555555555555555555555555555555555555555555555555555555555551
155555555555555555555555555555555555555555555555555555555555555555555555555555555555555555555555555555555555551
500000000000000000000000000000000000550000000000000000000000000000000000055000000000000000000000000000000000005
500000000000000000000000000000000000550000000000000000000000000000000000055000000000000000000000000000000000005
500000000000002222220000000000000000550000000000000000000000000000000000055000000000000000000000000000000000005
500000000000022222220000000000000000550000333333333333333333333333300000055000000004444444444444444444444000005
500000000000222022220000000000000000550000333333333333333333333333300000055000000004444444444444444444444000005
500000000002220022220000000000000000550000333333333333333333333333300000055000000004444444444444444444444000005
500000000022200022220000000000000000550000000000000000033333333333300000055000000004444444440000000000000000005
500000000222000022220000000000000000550000000000000000033333333333300000055000000004444444440000000000000000005
500000002220000022220000000000000000550000000000000000033333333333300000055000000004444444440000000000000000005
500000022200000022220000000000000000550000000000000000033333333333300000055000000004444444440000000000000000005
500000222000000022220000000000000000550000000000000000033333333333300000055000000004444444440000000000000000005
500002220000000022220000000000000000000000000000000000033333333333300000000000000004444444444444444444444000005
500022200000000022220000000000000000000000000000000000033333333333300000000000000004444444444444444444444000005
5000000000000000222200000000000X0000000000333333333333333333333333300000000000000004444444444444444444444000005
500000000000000022220000000000000000000000333333333333333333333333300000000000000000000000000000004444444000005
500000000000000022220000000000000000550000333333333333000000000000000000055000000000000000000000004444444000005
500000000000000022220000000000000000550000333333333333000000000000000000055000000000000000000000004444444000005
500000000000000022220000000000000000550000333333333333000000000000000000055000000000000000000000004444444000005
500000000000000022220000000000000000550000333333333333000000000000000000055000000000000000000000004444444000005
500000000000000022220000000000000000550000333333333333000000000000000000055000000000000000000000004444444000005
500000000000000022220000000000000000550000333333333333333333333333300000055000000004444444444444444444444000005
500002222222222222222222222200000000550000333333333333333333333333300000055000000004444444444444444444444000005
500002222222222222222222222200000000550000333333333333333333333333300000055000000004444444444444444444444000005
500002222222222222222222222200000000550000333333333333333333333333300000055000000004444444444444444444444000005
500000000000000000000000000000000000550000000000000000000000000000000000055000000000000000000000000000000000005
500000000000000000000000000000000000550000000000000000000000000000000000055000000000000000000000000000000000005
500000000000000000000000000000000000550000000000000000000000000000000000055000000000000000000000000000000000005
500000000000000000000000000000000000550000000000000000000000000000000000055000000000000000000000000000000000005
155555555555555555555555555555555555555555555555555555555555555555555555555555555555555555555555555555555555551
155555555555555555555555555555555555555555555555555555555555555555555555555555555555555555555555555555555555551
500000000000000000000000000000000000550000000000000000000000000000000000055000000000000000000000000000000000005
500000000000000000000000000000000000550000000000000000000000000000000000055000000000000000000000000000000000005
500000000000002222220000000000000000550000000000000000000000000000000000055000000000000000000000000000000000005
500000000000022222220000000000000000550000333333333333333333333333300000055000000004444444444444444444444000005
500000000000222022220000000000000000550000333333333333333333333333300000055000000004444444444444444444444000005
500000000002220022220000000000000000550000333333333333333333333333300000055000000004444444444444444444444000005
500000000022200022220000000000000000550000000000000000033333333333300000055000000004444444440000000000000000005
500000000222000022220000000000000000550000000000000000033333333333300000055000000004444444440000000000000000005
500000002220000022220000000000000000550000000000000000033333333333300000055000000004444444440000000000000000005
500000022200000022220000000000000000550000000000000000033333333333300000055000000004444444440000000000000000005
500000222000000022220000000000000000550000000000000000033333333333300000055000000004444444440000000000000000005
500002220000000022220000000000000000000000000000000000033333333333300000000000000004444444444444444444444000005
500022200000000022220000000000000000000000000000000000033333333333300000000000000004444444444444444444444000005
5000000000000000222200000000000X0000000000333333333333333333333333300000000000000004444444444444444444444000005
500000000000000022220000000000000000000000333333333333333333333333300000000000000000000000000000004444444000005
500000000000000022220000000000000000550000333333333333000000000000000000055000000000000000000000004444444000005
500000000000000022220000000000000000550000333333333333000000000000000000055000000000000000000000004444444000005
500000000000000022220000000000000000550000333333333333000000000000000000055000000000000000000000004444444000005
500000000000000022220000000000000000550000333333333333000000000000000000055000000000000000000000004444444000005
500000000000000022220000000000000000550000333333333333000000000000000000055000000000000000000000004444444000005
500000000000000022220000000000000000550000333333333333333333333333300000055000000004444444444444444444444000005
500002222222222222222222222200000000550000333333333333333333333333300000055000000004444444444444444444444000005
500002222222222222222222222200000000550000333333333333333333333333300000055000000004444444444444444444444000005
500002222222222222222222222200000000550000333333333333333333333333300000055000000004444444444444444444444000005
500000000000000000000000000000000000550000000000000000000000000000000000055000000000000000000000000000000000005
500000000000000000000000000000000000550000000000000000000000000000000000055000000000000000000000000000000000005
500000000000000000000000000000000000550000000000000000000000000000000000055000000000000000000000000000000000005
500000000000000000000000000000000000550000000000000000000000000000000000055000000000000000000000000000000000005
155555555555555555555555555555555555555555555555555555555555555555555555555555555555555555555555555555555555551
155555555555555555555555555555555555555555555555555555555555555555555555555555555555555555555555555555555555551
500000000000000000000000000000000000550000000000000000000000000000000000055000000000000000000000000000000000005
500000000000000000000000000000000000550000000000000000000000000000000000055000000000000000000000000000000000005
500000000000002222220000000000000000550000000000000000000000000000000000055000000000000000000000000000000000005
500000000000022222220000000000000000550000333333333333333333333333300000055000000004444444444444444444444000005
500000000000222022220000000000000000550000333333333333333333333333300000055000000004444444444444444444444000005
500000000002220022220000000000000000550000333333333333333333333333300000055000000004444444444444444444444000005
500000000022200022220000000000000000550000000000000000033333333333300000055000000004444444440000000000000000005
500000000222000022220000000000000000550000000000000000033333333333300000055000000004444444440000000000000000005
500000002220000022220000000000000000550000000000000000033333333333300000055000000004444444440000000000000000005
500000022200000022220000000000000000550000000000000000033333333333300000055000000004444444440000000000000000005
500000222000000022220000000000000000550000000000000000033333333333300000055000000004444444440000000000000000005
500002220000000022220000000000000000000000000000000000033333333333300000000000000004444444444444444444444000005
500022200000000022220000000000000000000000000000000000033333333333300000000000000004444444444444444444444000005
5000000000000000222200000000000X0000000000333333333333333333333333300000000000000004444444444444444444444000005
500000000000000022220000000000000000000000333333333333333333333333300000000000000000000000000000004444444000005
500000000000000022220000000000000000550000333333333333000000000000000000055000000000000000000000004444444000005
500000000000000022220000000000000000550000333333333333000000000000000000055000000000000000000000004444444000005
500000000000000022220000000000000000550000333333333333000000000000000000055000000000000000000000004444444000005
500000000000000022220000000000000000550000333333333333000000000000000000055000000000000000000000004444444000005
500000000000000022220000000000000000550000333333333333000000000000000000055000000000000000000000004444444000005
500000000000000022220000000000000000550000333333333333333333333333300000055000000004444444444444444444444000005
500002222222222222222222222200000000550000333333333333333333333333300000055000000004444444444444444444444000005
500002222222222222222222222200000000550000333333333333333333333333300000055000000004444444444444444444444000005
500002222222222222222222222200000000550000333333333333333333333333300000055000000004444444444444444444444000005
500000000000000000000000000000000000550000000000000000000000000000000000055000000000000000000000000000000000005
500000000000000000000000000000000000550000000000000000000000000000000000055000000000000000000000000000000000005
500000000000000000000000000000000000550000000000000000000000000000000000055000000000000000000000000000000000005
500000000000000000000000000000000000550000000000000000000000000000000000055000000000000000000000000000000000005
155555555555555555555555555555555555555555555555555555555555555555555555555555555555555555555555555555555555551
155555555555555555555555555555555555555555555555555555555555555555555555555555555555555555555555555555555555551
500000000000000000000000000000000000550000000000000000000000000000000000055000000000000000000000000000000000005
500000000000000000000000000000000000550000000000000000000000000000000000055000000000000000000000000000000000005
500000000000002222220000000000000000550000000000000000000000000000000000055000000000000000000000000000000000005
500000000000022222220000000000000000550000333333333333333333333333300000055000000004444444444444444444444000005
500000000000222022220000000000000000550000333333333333333333333333300000055000000004444444444444444444444000005
500000000002220022220000000000000000550000333333333333333333333333300000055000000004444444444444444444444000005
500000000022200022220000000000000000550000000000000000033333333333300000055000000004444444440000000000000000005
500000000222000022220000000000000000550000000000000000033333333333300000055000000004444444440000000000000000005
500000002220000022220000000000000000550000000000000000033333333333300000055000000004444444440000000000000000005
500000022200000022220000000000000000550000000000000000033333333333300000055000000004444444440000000000000000005
500000222000000022220000000000000000550000000000000000033333333333300000055000000004444444440000000000000000005
500002220000000022220000000000000000000000000000000000033333333333300000000000000004444444444444444444444000005
500022200000000022220000000000000000000000000000000000033333333333300000000000000004444444444444444444444000005
5000000000000000222200000000000X0000000000333333333333333333333333300000000000000004444444444444444444444000005
500000000000000022220000000000000000000000333333333333333333333333300000000000000000000000000000004444444000005
500000000000000022220000000000000000550000333333333333000000000000000000055000000000000000000000004444444000005
500000000000000022220000000000000000550000333333333333000000000000000000055000000000000000000000004444444000005
500000000000000022220000000000000000550000333333333333000000000000000000055000000000000000000000004444444000005
500000000000000022220000000000000000550000333333333333000000000000000000055000000000000000000000004444444000005
500000000000000022220000000000000000550000333333333333000000000000000000055000000000000000000000004444444000005
500000000000000022220000000000000000550000333333333333333333333333300000055000000004444444444444444444444000005
500002222222222222222222222200000000550000333333333333333333333333300000055000000004444444444444444444444000005
500002222222222222222222222200000000550000333333333333333333333333300000055000000004444444444444444444444000005
500002222222222222222222222200000000550000333333333333333333333333300000055000000004444444444444444444444000005
500000000000000000000000000000000000550000000000000000000000000000000000055000000000000000000000000000000000005
500000000000000000000000000000000000550000000000000000000000000000000000055000000000000000000000000000000000005
500000000000000000000000000000000000550000000000000000000000000000000000055000000000000000000000000000000000005
500000000000000000000000000000000000550000000000000000000000000000000000055000000000000000000000000000000000005
155555555555555555555555555555555555555555555555555555555555555555555555555555555555555555555555555555555555551
155555555555555555555555555555555555555555555555555555555555555555555555555555555555555555555555555555555555551
500000000000000000000000000000000000550000000000000000000000000000000000055000000000000000000000000000000000005
500000000000000000000000000000000000550000000000000000000000000000000000055000000000000000000000000000000000005
500000000000002222220000000000000000550000000000000000000000000000000000055000000000000000000000000000000000005
500000000000022222220000000000000000550000333333333333333333333333300000055000000004444444444444444444444000005
500000000000222022220000000000000000550000333333333333333333333333300000055000000004444444444444444444444000005
500000000002220022220000000000000000550000333333333333333333333333300000055000000004444444444444444444444000005
500000000022200022220000000000000000550000000000000000033333333333300000055000000004444444440000000000000000005
500000000222000022220000000000000000550000000000000000033333333333300000055000000004444444440000000000000000005
500000002220000022220000000000000000550000000000000000033333333333300000055000000004444444440000000000000000005
500000022200000022220000000000000000550000000000000000033333333333300000055000000004444444440000000000000000005
500000222000000022220000000000000000550000000000000000033333333333300000055000000004444444440000000000000000005
500002220000000022220000000000000000000000000000000000033333333333300000000000000004444444444444444444444000005
500022200000000022220000000000000000000000000000000000033333333333300000000000000004444444444444444444444000005
5000000000000000222200000000000X0000000000333333333333333333333333300000000000000004444444444444444444444000005
500000000000000022220000000000000000000000333333333333333333333333300000000000000000000000000000004444444000005
500000000000000022220000000000000000550000333333333333000000000000000000055000000000000000000000004444444000005
500000000000000022220000000000000000550000333333333333000000000000000000055000000000000000000000004444444000005
500000000000000022220000000000000000550000333333333333000000000000000000055000000000000000000000004444444000005
500000000000000022220000000000000000550000333333333333000000000000000000055000000000000000000000004444444000005
500000000000000022220000000000000000550000333333333333000000000000000000055000000000000000000000004444444000005
500000000000000022220000000000000000550000333333333333333333333333300000055000000004444444444444444444444000005
500002222222222222222222222200000000550000333333333333333333333333300000055000000004444444444444444444444000005
500002222222222222222222222200000000550000333333333333333333333333300000055000000004444444444444444444444000005
500002222222222222222222222200000000550000333333333333333333333333300000055000000004444444444444444444444000005
500000000000000000000000000000000000550000000000000000000000000000000000055000000000000000000000000000000000005
500000000000000000000000000000000000550000000000000000000000000000000000055000000000000000000000000000000000005
500000000000000000000000000000000000550000000000000000000000000000000000055000000000000000000000000000000000005
500000000000000000000000000000000000550000000000000000000000000000000000055000000000000000000000000000000000005
155555555555555555555555555555555555555555555555555555555555555555555555555555555555555555555555555555555555551
155555555555555555555555555555555555555555555555555555555555555555555555555555555555555555555555555555555555551
500000000000000000000000000000000000550000000000000000000000000000000000055000000000000000000000000000000000005
500000000000000000000000000000000000550000000000000000000000000000000000055000000000000000000000000000000000005
500000000000002222220000000000000000550000000000000000000000000000000000055000000000000000000000000000000000005
500000000000022222220000000000000000550000333333333333333333333333300000055000000004444444444444444444444000005
500000000000222022220000000000000000550000333333333333333333333333300000055000000004444444444444444444444000005
500000000002220022220000000000000000550000333333333333333333333333300000055000000004444444444444444444444000005
500000000022200022220000000000000000550000000000000000033333333333300000055000000004444444440000000000000000005
500000000222000022220000000000000000550000000000000000033333333333300000055000000004444444440000000000000000005
500000002220000022220000000000000000550000000000000000033333333333300000055000000004444444440000000000000000005
500000022200000022220000000000000000550000000000000000033333333333300000055000000004444444440000000000000000005
500000222000000022220000000000000000550000000000000000033333333333300000055000000004444444440000000000000000005
500002220000000022220000000000000000000000000000000000033333333333300000000000000004444444444444444444444000005
500022200000000022220000000000000000000000000000000000033333333333300000000000000004444444444444444444444000005
5000000000000000222200000000000X0000000000333333333333333333333333300000000000000004444444444444444444444000005
500000000000000022220000000000000000000000333333333333333333333333300000000000000000000000000000004444444000005
500000000000000022220000000000000000550000333333333333000000000000000000055000000000000000000000004444444000005
500000000000000022220000000000000000550000333333333333000000000000000000055000000000000000000000004444444000005
500000000000000022220000000000000000550000333333333333000000000000000000055000000000000000000000004444444000005
500000000000000022220000000000000000550000333333333333000000000000000000055000000000000000000000004444444000005
500000000000000022220000000000000000550000333333333333000000000000000000055000000000000000000000004444444000005
500000000000000022220000000000000000550000333333333333333333333333300000055000000004444444444444444444444000005
500002222222222222222222222200000000550000333333333333333333333333300000055000000004444444444444444444444000005
500002222222222222222222222200000000550000333333333333333333333333300000055000000004444444444444444444444000005
500002222222222222222222222200000000550000333333333333333333333333300000055000000004444444444444444444444000005
500000000000000000000000000000000000550000000000000000000000000000000000055000000000000000000000000000000000005
500000000000000000000000000000000000550000000000000000000000000000000000055000000000000000000000000000000000005
500000000000000000000000000000000000550000000000000000000000000000000000055000000000000000000000000000000000005
500000000000000000000000000000000000550000000000000000000000000000000000055000000000000000000000000000000000005
155555555555555555555555555555555555555555555555555555555555555555555555555555555555555555555555555555555555551
155555555555555555555555555555555555555555555555555555555555555555555555555555555555555555555555555555555555551
500000000000000000000000000000000000550000000000000000000000000000000000055000000000000000000000000000000000005
500000000000000000000000000000000000550000000000000000000000000000000000055000000000000000000000000000000000005
500000000000002222220000000000000000550000000000000000000000000000000000055000000000000000000000000000000000005
500000000000022222220000000000000000550000333333333333333333333333300000055000000004444444444444444444444000005
500000000000222022220000000000000000550000333333333333333333333333300000055000000004444444444444444444444000005
500000000002220022220000000000000000550000333333333333333333333333300000055000000004444444444444444444444000005
500000000022200022220000000000000000550000000000000000033333333333300000055000000004444444440000000000000000005
500000000222000022220000000000000000550000000000000000033333333333300000055000000004444444440000000000000000005
500000002220000022220000000000000000550000000000000000033333333333300000055000000004444444440000000000000000005
500000022200000022220000000000000000550000000000000000033333333333300000055000000004444444440000000000000000005
500000222000000022220000000000000000550000000000000000033333333333300000055000000004444444440000000000000000005
500002220000000022220000000000000000000000000000000000033333333333300000000000000004444444444444444444444000005
500022200000000022220000000000000000000000000000000000033333333333300000000000000004444444444444444444444000005
5000000000000000222200000000000X0000000000333333333333333333333333300000000000000004444444444444444444444000005
500000000000000022220000000000000000000000333333333333333333333333300000000000000000000000000000004444444000005
500000000000000022220000000000000000550000333333333333000000000000000000055000000000000000000000004444444000005
500000000000000022220000000000000000550000333333333333000000000000000000055000000000000000000000004444444000005
500000000000000022220000000000000000550000333333333333000000000000000000055000000000000000000000004444444000005
500000000000000022220000000000000000550000333333333333000000000000000000055000000000000000000000004444444000005
500000000000000022220000000000000000550000333333333333000000000000000000055000000000000000000000004444444000005
500000000000000022220000000000000000550000333333333333333333333333300000055000000004444444444444444444444000005
500002222222222222222222222200000000550000333333333333333333333333300000055000000004444444444444444444444000005
500002222222222222222222222200000000550000333333333333333333333333300000055000000004444444444444444444444000005
500002222222222222222222222200000000550000333333333333333333333333300000055000000004444444444444444444444000005
500000000000000000000000000000000000550000000000000000000000000000000000055000000000000000000000000000000000005
500000000000000000000000000000000000550000000000000000000000000000000000055000000000000000000000000000000000005
500000000000000000000000000000000000550000000000000000000000000000000000055000000000000000000000000000000000005
500000000000000000000000000000000000550000000000000000000000000000000000055000000000000000000000000000000000005
155555555555555555555555555555555555555555555555555555555555555555555555555555555555555555555555555555555555551
155555555555555555555555555555555555555555555555555555555555555555555555555555555555555555555555555555555555551
500000000000000000000000000000000000550000000000000000000000000000000000055000000000000000000000000000000000005
500000000000000000000000000000000000550000000000000000000000000000000000055000000000000000000000000000000000005
500000000000002222220000000000000000550000000000000000000000000000000000055000000000000000000000000000000000005
500000000000022222220000000000000000550000333333333333333333333333300000055000000004444444444444444444444000005
500000000000222022220000000000000000550000333333333333333333333333300000055000000004444444444444444444444000005
500000000002220022220000000000000000550000333333333333333333333333300000055000000004444444444444444444444000005
500000000022200022220000000000000000550000000000000000033333333333300000055000000004444444440000000000000000005
500000000222000022220000000000000000550000000000000000033333333333300000055000000004444444440000000000000000005
500000002220000022220000000000000000550000000000000000033333333333300000055000000004444444440000000000000000005
500000022200000022220000000000000000550000000000000000033333333333300000055000000004444444440000000000000000005
500000222000000022220000000000000000550000000000000000033333333333300000055000000004444444440000000000000000005
500002220000000022220000000000000000000000000000000000033333333333300000000000000004444444444444444444444000005
500022200000000022220000000000000000000000000000000000033333333333300000000000000004444444444444444444444000005
5000000000000000222200000000000X0000000000333333333333333333333333300000000000000004444444444444444444444000005
500000000000000022220000000000000000000000333333333333333333333333300000000000000000000000000000004444444000005
500000000000000022220000000000000000550000333333333333000000000000000000055000000000000000000000004444444000005
500000000000000022220000000000000000550000333333333333000000000000000000055000000000000000000000004444444000005
500000000000000022220000000000000000550000333333333333000000000000000000055000000000000000000000004444444000005
500000000000000022220000000000000000550000333333333333000000000000000000055000000000000000000000004444444000005
500000000000000022220000000000000000550000333333333333000000000000000000055000000000000000000000004444444000005
500000000000000022220000000000000000550000333333333333333333333333300000055000000004444444444444444444444000005
500002222222222222222222222200000000550000333333333333333333333333300000055000000004444444444444444444444000005
500002222222222222222222222200000000550000333333333333333333333333300000055000000004444444444444444444444000005
500002222222222222222222222200000000550000333333333333333333333333300000055000000004444444444444444444444000005
500000000000000000000000000000000000550000000000000000000000000000000000055000000000000000000000000000000000005
500000000000000000000000000000000000550000000000000000000000000000000000055000000000000000000000000000000000005
500000000000000000000000000000000000550000000000000000000000000000000000055000000000000000000000000000000000005
500000000000000000000000000000000000550000000000000000000000000000000000055000000000000000000000000000000000005
155555555555555555555555555555555555555555555555555555555555555555555555555555555555555555555555555555555555551
155555555555555555555555555555555555555555555555555555555555555555555555555555555555555555555555555555555555551
500000000000000000000000000000000000550000000000000000000000000000000000055000000000000000000000000000000000005
500000000000000000000000000000000000550000000000000000000000000000000000055000000000000000000000000000000000005
500000000000002222220000000000000000550000000000000000000000000000000000055000000000000000000000000000000000005
500000000000022222220000000000000000550000333333333333333333333333300000055000000004444444444444444444444000005
500000000000222022220000000000000000550000333333333333333333333333300000055000000004444444444444444444444000005
500000000002220022220000000000000000550000333333333333333333333333300000055000000004444444444444444444444000005
500000000022200022220000000000000000550000000000000000033333333333300000055000000004444444440000000000000000005
500000000222000022220000000000000000550000000000000000033333333333300000055000000004444444440000000000000000005
500000002220000022220000000000000000550000000000000000033333333333300000055000000004444444440000000000000000005
500000022200000022220000000000000000550000000000000000033333333333300000055000000004444444440000000000000000005
500000222000000022220000000000000000550000000000000000033333333333300000055000000004444444440000000000000000005
500002220000000022220000000000000000000000000000000000033333333333300000000000000004444444444444444444444000005
500022200000000022220000000000000000000000000000000000033333333333300000000000000004444444444444444444444000005
5000000000000000222200000000000X0000000000333333333333333333333333300000000000000004444444444444444444444000005
500000000000000022220000000000000000000000333333333333333333333333300000000000000000000000000000004444444000005
500000000000000022220000000000000000550000333333333333000000000000000000055000000000000000000000004444444000005
500000000000000022220000000000000000550000333333333333000000000000000000055000000000000000000000004444444000005
500000000000000022220000000000000000550000333333333333000000000000000000055000000000000000000000004444444000005
500000000000000022220000000000000000550000333333333333000000000000000000055000000000000000000000004444444000005
500000000000000022220000000000000000550000333333333333000000000000000000055000000000000000000000004444444000005
500000000000000022220000000000000000550000333333333333333333333333300000055000000004444444444444444444444000005
500002222222222222222222222200000000550000333333333333333333333333300000055000000004444444444444444444444000005
500002222222222222222222222200000000550000333333333333333333333333300000055000000004444444444444444444444000005
500002222222222222222222222200000000550000333333333333333333333333300000055000000004444444444444444444444000005
500000000000000000000000000000000000550000000000000000000000000000000000055000000000000000000000000000000000005
500000000000000000000000000000000000550000000000000000000000000000000000055000000000000000000000000000000000005
500000000000000000000000000000000000550000000000000000000000000000000000055000000000000000000000000000000000005
500000000000000000000000000000000000550000000000000000000000000000000000055000000000000000000000000000000000005
155555555555555555555555555555555555555555555555555555555555555555555555555555555555555555555555555555555555551
155555555555555555555555555555555555555555555555555555555555555555555555555555555555555555555555555555555555551
500000000000000000000000000000000000550000000000000000000000000000000000055000000000000000000000000000000000005
500000000000000000000000000000000000550000000000000000000000000000000000055000000000000000000000000000000000005
500000000000002222220000000000000000550000000000000000000000000000000000055000000000000000000000000000000000005
500000000000022222220000000000000000550000333333333333333333333333300000055000000004444444444444444444444000005
500000000000222022220000000000000000550000333333333333333333333333300000055000000004444444444444444444444000005
500000000002220022220000000000000000550000333333333333333333333333300000055000000004444444444444444444444000005
500000000022200022220000000000000000550000000000000000033333333333300000055000000004444444440000000000000000005
500000000222000022220000000000000000550000000000000000033333333333300000055000000004444444440000000000000000005
500000002220000022220000000000000000550000000000000000033333333333300000055000000004444444440000000000000000005
500000022200000022220000000000000000550000000000000000033333333333300000055000000004444444440000000000000000005
500000222000000022220000000000000000550000000000000000033333333333300000055000000004444444440000000000000000005
500002220000000022220000000000000000000000000000000000033333333333300000000000000004444444444444444444444000005
500022200000000022220000000000000000000000000000000000033333333333300000000000000004444444444444444444444000005
5000000000000000222200000000000X0000000000333333333333333333333333300000000000000004444444444444444444444000005
500000000000000022220000000000000000000000333333333333333333333333300000000000000000000000000000004444444000005
500000000000000022220000000000000000550000333333333333000000000000000000055000000000000000000000004444444000005
500000000000000022220000000000000000550000333333333333000000000000000000055000000000000000000000004444444000005
500000000000000022220000000000000000550000333333333333000000000000000000055000000000000000000000004444444000005
500000000000000022220000000000000000550000333333333333000000000000000000055000000000000000000000004444444000005
500000000000000022220000000000000000550000333333333333000000000000000000055000000000000000000000004444444000005
500000000000000022220000000000000000550000333333333333333333333333300000055000000004444444444444444444444000005
500002222222222222222222222200000000550000333333333333333333333333300000055000000004444444444444444444444000005
500002222222222222222222222200000000550000333333333333333333333333300000055000000004444444444444444444444000005
500002222222222222222222222200000000550000333333333333333333333333300000055000000004444444444444444444444000005
500000000000000000000000000000000000550000000000000000000000000000000000055000000000000000000000000000000000005
500000000000000000000000000000000000550000000000000000000000000000000000055000000000000000000000000000000000005
500000000000000000000000000000000000550000000000000000000000000000000000055000000000000000000000000000000000005
500000000000000000000000000000000000550000000000000000000000000000000000055000000000000000000000000000000000005
155555555555555555555555555555555555555555555555555555555555555555555555555555555555555555555555555555555555551
155555555555555555555555555555555555555555555555555555555555555555555555555555555555555555555555555555555555551
500000000000000000000000000000000000550000000000000000000000000000000000055000000000000000000000000000000000005
500000000000000000000000000000000000550000000000000000000000000000000000055000000000000000000000000000000000005
500000000000002222220000000000000000550000000000000000000000000000000000055000000000000000000000000000000000005
500000000000022222220000000000000000550000333333333333333333333333300000055000000004444444444444444444444000005
500000000000222022220000000000000000550000333333333333333333333333300000055000000004444444444444444444444000005
500000000002220022220000000000000000550000333333333333333333333333300000055000000004444444444444444444444000005
500000000022200022220000000000000000550000000000000000033333333333300000055000000004444444440000000000000000005
500000000222000022220000000000000000550000000000000000033333333333300000055000000004444444440000000000000000005
500000002220000022220000000000000000550000000000000000033333333333300000055000000004444444440000000000000000005
500000022200000022220000000000000000550000000000000000033333333333300000055000000004444444440000000000000000005
500000222000000022220000000000000000550000000000000000033333333333300000055000000004444444440000000000000000005
500002220000000022220000000000000000000000000000000000033333333333300000000000000004444444444444444444444000005
500022200000000022220000000000000000000000000000000000033333333333300000000000000004444444444444444444444000005
5000000000000000222200000000000X0000000000333333333333333333333333300000000000000004444444444444444444444000005
500000000000000022220000000000000000000000333333333333333333333333300000000000000000000000000000004444444000005
500000000000000022220000000000000000550000333333333333000000000000000000055000000000000000000000004444444000005
500000000000000022220000000000000000550000333333333333000000000000000000055000000000000000000000004444444000005
500000000000000022220000000000000000550000333333333333000000000000000000055000000000000000000000004444444000005
500000000000000022220000000000000000550000333333333333000000000000000000055000000000000000000000004444444000005
500000000000000022220000000000000000550000333333333333000000000000000000055000000000000000000000004444444000005
500000000000000022220000000000000000550000333333333333333333333333300000055000000004444444444444444444444000005
500002222222222222222222222200000000550000333333333333333333333333300000055000000004444444444444444444444000005
500002222222222222222222222200000000550000333333333333333333333333300000055000000004444444444444444444444000005
500002222222222222222222222200000000550000333333333333333333333333300000055000000004444444444444444444444000005
500000000000000000000000000000000000550000000000000000000000000000000000055000000000000000000000000000000000005
500000000000000000000000000000000000550000000000000000000000000000000000055000000000000000000000000000000000005
500000000000000000000000000000000000550000000000000000000000000000000000055000000000000000000000000000000000005
500000000000000000000000000000000000550000000000000000000000000000000000055000000000000000000000000000000000005
155555555555555555555555555555555555555555555555555555555555555555555555555555555555555555555555555555555555551
155555555555555555555555555555555555555555555555555555555555555555555555555555555555555555555555555555555555551
500000000000000000000000000000000000550000000000000000000000000000000000055000000000000000000000000000000000005
500000000000000000000000000000000000550000000000000000000000000000000000055000000000000000000000000000000000005
500000000000002222220000000000000000550000000000000000000000000000000000055000000000000000000000000000000000005
500000000000022222220000000000000000550000333333333333333333333333300000055000000004444444444444444444444000005
500000000000222022220000000000000000550000333333333333333333333333300000055000000004444444444444444444444000005
500000000002220022220000000000000000550000333333333333333333333333300000055000000004444444444444444444444000005
500000000022200022220000000000000000550000000000000000033333333333300000055000000004444444440000000000000000005
500000000222000022220000000000000000550000000000000000033333333333300000055000000004444444440000000000000000005
500000002220000022220000000000000000550000000000000000033333333333300000055000000004444444440000000000000000005
500000022200000022220000000000000000550000000000000000033333333333300000055000000004444444440000000000000000005
500000222000000022220000000000000000550000000000000000033333333333300000055000000004444444440000000000000000005
500002220000000022220000000000000000000000000000000000033333333333300000000000000004444444444444444444444000005
500022200000000022220000000000000000000000000000000000033333333333300000000000000004444444444444444444444000005
5000000000000000222200000000000X0000000000333333333333333333333333300000000000000004444444444444444444444000005
500000000000000022220000000000000000000000333333333333333333333333300000000000000000000000000000004444444000005
500000000000000022220000000000000000550000333333333333000000000000000000055000000000000000000000004444444000005
500000000000000022220000000000000000550000333333333333000000000000000000055000000000000000000000004444444000005
500000000000000022220000000000000000550000333333333333000000000000000000055000000000000000000000004444444000005
500000000000000022220000000000000000550000333333333333000000000000000000055000000000000000000000004444444000005
500000000000000022220000000000000000550000333333333333000000000000000000055000000000000000000000004444444000005
500000000000000022220000000000000000550000333333333333333333333333300000055000000004444444444444444444444000005
500002222222222222222222222200000000550000333333333333333333333333300000055000000004444444444444444444444000005
500002222222222222222222222200000000550000333333333333333333333333300000055000000004444444444444444444444000005
500002222222222222222222222200000000550000333333333333333333333333300000055000000004444444444444444444444000005
500000000000000000000000000000000000550000000000000000000000000000000000055000000000000000000000000000000000005
500000000000000000000000000000000000550000000000000000000000000000000000055000000000000000000000000000000000005
500000000000000000000000000000000000550000000000000000000000000000000000055000000000000000000000000000000000005
500000000000000000000000000000000000550000000000000000000000000000000000055000000000000000000000000000000000005
155555555555555555555555555555555555555555555555555555555555555555555555555555555555555555555555555555555555551
155555555555555555555555555555555555555555555555555555555555555555555555555555555555555555555555555555555555551
500000000000000000000000000000000000550000000000000000000000000000000000055000000000000000000000000000000000005
500000000000000000000000000000000000550000000000000000000000000000000000055000000000000000000000000000000000005
500000000000002222220000000000000000550000000000000000000000000000000000055000000000000000000000000000000000005
500000000000022222220000000000000000550000333333333333333333333333300000055000000004444444444444444444444000005
500000000000222022220000000000000000550000333333333333333333333333300000055000000004444444444444444444444000005
500000000002220022220000000000000000550000333333333333333333333333300000055000000004444444444444444444444000005
500000000022200022220000000000000000550000000000000000033333333333300000055000000004444444440000000000000000005
500000000222000022220000000000000000550000000000000000033333333333300000055000000004444444440000000000000000005
500000002220000022220000000000000000550000000000000000033333333333300000055000000004444444440000000000000000005
500000022200000022220000000000000000550000000000000000033333333333300000055000000004444444440000000000000000005
500000222000000022220000000000000000550000000000000000033333333333300000055000000004444444440000000000000000005
500002220000000022220000000000000000000000000000000000033333333333300000000000000004444444444444444444444000005
500022200000000022220000000000000000000000000000000000033333333333300000000000000004444444444444444444444000005
5000000000000000222200000000000X0000000000333333333333333333333333300000000000000004444444444444444444444000005
500000000000000022220000000000000000000000333333333333333333333333300000000000000000000000000000004444444000005
500000000000000022220000000000000000550000333333333333000000000000000000055000000000000000000000004444444000005
500000000000000022220000000000000000550000333333333333000000000000000000055000000000000000000000004444444000005
500000000000000022220000000000000000550000333333333333000000000000000000055000000000000000000000004444444000005
500000000000000022220000000000000000550000333333333333000000000000000000055000000000000000000000004444444000005
500000000000000022220000000000000000550000333333333333000000000000000000055000000000000000000000004444444000005
500000000000000022220000000000000000550000333333333333333333333333300000055000000004444444444444444444444000005
500002222222222222222222222200000000550000333333333333333333333333300000055000000004444444444444444444444000005
500002222222222222222222222200000000550000333333333333333333333333300000055000000004444444444444444444444000005
500002222222222222222222222200000000550000333333333333333333333333300000055000000004444444444444444444444000005
500000000000000000000000000000000000550000000000000000000000000000000000055000000000000000000000000000000000005
500000000000000000000000000000000000550000000000000000000000000000000000055000000000000000000000000000000000005
500000000000000000000000000000000000550000000000000000000000000000000000055000000000000000000000000000000000005
500000000000000000000000000000000000550000000000000000000000000000000000055000000000000000000000000000000000005
155555555555555555555555555555555555555555555555555555555555555555555555555555555555555555555555555555555555551
155555555555555555555555555555555555555555555555555555555555555555555555555555555555555555555555555555555555551
500000000000000000000000000000000000550000000000000000000000000000000000055000000000000000000000000000000000005
500000000000000000000000000000000000550000000000000000000000000000000000055000000000000000000000000000000000005
500000000000002222220000000000000000550000000000000000000000000000000000055000000000000000000000000000000000005
500000000000022222220000000000000000550000333333333333333333333333300000055000000004444444444444444444444000005
500000000000222022220000000000000000550000333333333333333333333333300000055000000004444444444444444444444000005
500000000002220022220000000000000000550000333333333333333333333333300000055000000004444444444444444444444000005
500000000022200022220000000000000000550000000000000000033333333333300000055000000004444444440000000000000000005
500000000222000022220000000000000000550000000000000000033333333333300000055000000004444444440000000000000000005
500000002220000022220000000000000000550000000000000000033333333333300000055000000004444444440000000000000000005
500000022200000022220000000000000000550000000000000000033333333333300000055000000004444444440000000000000000005
500000222000000022220000000000000000550000000000000000033333333333300000055000000004444444440000000000000000005
500002220000000022220000000000000000000000000000000000033333333333300000000000000004444444444444444444444000005
500022200000000022220000000000000000000000000000000000033333333333300000000000000004444444444444444444444000005
5000000000000000222200000000000X0000000000333333333333333333333333300000000000000004444444444444444444444000005
500000000000000022220000000000000000000000333333333333333333333333300000000000000000000000000000004444444000005
500000000000000022220000000000000000550000333333333333000000000000000000055000000000000000000000004444444000005
500000000000000022220000000000000000550000333333333333000000000000000000055000000000000000000000004444444000005
500000000000000022220000000000000000550000333333333333000000000000000000055000000000000000000000004444444000005
500000000000000022220000000000000000550000333333333333000000000000000000055000000000000000000000004444444000005
500000000000000022220000000000000000550000333333333333000000000000000000055000000000000000000000004444444000005
500000000000000022220000000000000000550000333333333333333333333333300000055000000004444444444444444444444000005
500002222222222222222222222200000000550000333333333333333333333333300000055000000004444444444444444444444000005
500002222222222222222222222200000000550000333333333333333333333333300000055000000004444444444444444444444000005
500002222222222222222222222200000000550000333333333333333333333333300000055000000004444444444444444444444000005
500000000000000000000000000000000000550000000000000000000000000000000000055000000000000000000000000000000000005
500000000000000000000000000000000000550000000000000000000000000000000000055000000000000000000000000000000000005
500000000000000000000000000000000000550000000000000000000000000000000000055000000000000000000000000000000000005
500000000000000000000000000000000000550000000000000000000000000000000000055000000000000000000000000000000000005
155555555555555555555555555555555555555555555555555555555555555555555555555555555555555555555555555555555555551
155555555555555555555555555555555555555555555555555555555555555555555555555555555555555555555555555555555555551
500000000000000000000000000000000000550000000000000000000000000000000000055000000000000000000000000000000000005
500000000000000000000000000000000000550000000000000000000000000000000000055000000000000000000000000000000000005
500000000000002222220000000000000000550000000000000000000000000000000000055000000000000000000000000000000000005
500000000000022222220000000000000000550000333333333333333333333333300000055000000004444444444444444444444000005
500000000000222022220000000000000000550000333333333333333333333333300000055000000004444444444444444444444000005
500000000002220022220000000000000000550000333333333333333333333333300000055000000004444444444444444444444000005
500000000022200022220000000000000000550000000000000000033333333333300000055000000004444444440000000000000000005
500000000222000022220000000000000000550000000000000000033333333333300000055000000004444444440000000000000000005
500000002220000022220000000000000000550000000000000000033333333333300000055000000004444444440000000000000000005
500000022200000022220000000000000000550000000000000000033333333333300000055000000004444444440000000000000000005
500000222000000022220000000000000000550000000000000000033333333333300000055000000004444444440000000000000000005
500002220000000022220000000000000000000000000000000000033333333333300000000000000004444444444444444444444000005
500022200000000022220000000000000000000000000000000000033333333333300000000000000004444444444444444444444000005
5000000000000000222200000000000X0000000000333333333333333333333333300000000000000004444444444444444444444000005
500000000000000022220000000000000000000000333333333333333333333333300000000000000000000000000000004444444000005
500000000000000022220000000000000000550000333333333333000000000000000000055000000000000000000000004444444000005
500000000000000022220000000000000000550000333333333333000000000000000000055000000000000000000000004444444000005
500000000000000022220000000000000000550000333333333333000000000000000000055000000000000000000000004444444000005
500000000000000022220000000000000000550000333333333333000000000000000000055000000000000000000000004444444000005
500000000000000022220000000000000000550000333333333333000000000000000000055000000000000000000000004444444000005
500000000000000022220000000000000000550000333333333333333333333333300000055000000004444444444444444444444000005
500002222222222222222222222200000000550000333333333333333333333333300000055000000004444444444444444444444000005
500002222222222222222222222200000000550000333333333333333333333333300000055000000004444444444444444444444000005
500002222222222222222222222200000000550000333333333333333333333333300000055000000004444444444444444444444000005
500000000000000000000000000000000000550000000000000000000000000000000000055000000000000000000000000000000000005
500000000000000000000000000000000000550000000000000000000000000000000000055000000000000000000000000000000000005
500000000000000000000000000000000000550000000000000000000000000000000000055000000000000000000000000000000000005
500000000000000000000000000000000000550000000000000000000000000000000000055000000000000000000000000000000000005
155555555555555555555555555555555555555555555555555555555555555555555555555555555555555555555555555555555555551
155555555555555555555555555555555555555555555555555555555555555555555555555555555555555555555555555555555555551
500000000000000000000000000000000000550000000000000000000000000000000000055000000000000000000000000000000000005
500000000000000000000000000000000000550000000000000000000000000000000000055000000000000000000000000000000000005
500000000000002222220000000000000000550000000000000000000000000000000000055000000000000000000000000000000000005
500000000000022222220000000000000000550000333333333333333333333333300000055000000004444444444444444444444000005
500000000000222022220000000000000000550000333333333333333333333333300000055000000004444444444444444444444000005
500000000002220022220000000000000000550000333333333333333333333333300000055000000004444444444444444444444000005
500000000022200022220000000000000000550000000000000000033333333333300000055000000004444444440000000000000000005
500000000222000022220000000000000000550000000000000000033333333333300000055000000004444444440000000000000000005
500000002220000022220000000000000000550000000000000000033333333333300000055000000004444444440000000000000000005
500000022200000022220000000000000000550000000000000000033333333333300000055000000004444444440000000000000000005
500000222000000022220000000000000000550000000000000000033333333333300000055000000004444444440000000000000000005
500002220000000022220000000000000000000000000000000000033333333333300000000000000004444444444444444444444000005
500022200000000022220000000000000000000000000000000000033333333333300000000000000004444444444444444444444000005
5000000000000000222200000000000X0000000000333333333333333333333333300000000000000004444444444444444444444000005
500000000000000022220000000000000000000000333333333333333333333333300000000000000000000000000000004444444000005
500000000000000022220000000000000000550000333333333333000000000000000000055000000000000000000000004444444000005
500000000000000022220000000000000000550000333333333333000000000000000000055000000000000000000000004444444000005
500000000000000022220000000000000000550000333333333333000000000000000000055000000000000000000000004444444000005
500000000000000022220000000000000000550000333333333333000000000000000000055000000000000000000000004444444000005
500000000000000022220000000000000000550000333333333333000000000000000000055000000000000000000000004444444000005
500000000000000022220000000000000000550000333333333333333333333333300000055000000004444444444444444444444000005
500002222222222222222222222200000000550000333333333333333333333333300000055000000004444444444444444444444000005
500002222222222222222222222200000000550000333333333333333333333333300000055000000004444444444444444444444000005
500002222222222222222222222200000000550000333333333333333333333333300000055000000004444444444444444444444000005
500000000000000000000000000000000000550000000000000000000000000000000000055000000000000000000000000000000000005
500000000000000000000000000000000000550000000000000000000000000000000000055000000000000000000000000000000000005
500000000000000000000000000000000000550000000000000000000000000000000000055000000000000000000000000000000000005
500000000000000000000000000000000000550000000000000000000000000000000000055000000000000000000000000000000000005
155555555555555555555555555555555555555555555555555555555555555555555555555555555555555555555555555555555555551
155555555555555555555555555555555555555555555555555555555555555555555555555555555555555555555555555555555555551
500000000000000000000000000000000000550000000000000000000000000000000000055000000000000000000000000000000000005
500000000000000000000000000000000000550000000000000000000000000000000000055000000000000000000000000000000000005
500000000000002222220000000000000000550000000000000000000000000000000000055000000000000000000000000000000000005
500000000000022222220000000000000000550000333333333333333333333333300000055000000004444444444444444444444000005
500000000000222022220000000000000000550000333333333333333333333333300000055000000004444444444444444444444000005
500000000002220022220000000000000000550000333333333333333333333333300000055000000004444444444444444444444000005
500000000022200022220000000000000000550000000000000000033333333333300000055000000004444444440000000000000000005
500000000222000022220000000000000000550000000000000000033333333333300000055000000004444444440000000000000000005
500000002220000022220000000000000000550000000000000000033333333333300000055000000004444444440000000000000000005
500000022200000022220000000000000000550000000000000000033333333333300000055000000004444444440000000000000000005
500000222000000022220000000000000000550000000000000000033333333333300000055000000004444444440000000000000000005
500002220000000022220000000000000000000000000000000000033333333333300000000000000004444444444444444444444000005
500022200000000022220000000000000000000000000000000000033333333333300000000000000004444444444444444444444000005
5000000000000000222200000000000X0000000000333333333333333333333333300000000000000004444444444444444444444000005
500000000000000022220000000000000000000000333333333333333333333333300000000000000000000000000000004444444000005
500000000000000022220000000000000000550000333333333333000000000000000000055000000000000000000000004444444000005
500000000000000022220000000000000000550000333333333333000000000000000000055000000000000000000000004444444000005
500000000000000022220000000000000000550000333333333333000000000000000000055000000000000000000000004444444000005
500000000000000022220000000000000000550000333333333333000000000000000000055000000000000000000000004444444000005
500000000000000022220000000000000000550000333333333333000000000000000000055000000000000000000000004444444000005
500000000000000022220000000000000000550000333333333333333333333333300000055000000004444444444444444444444000005
500002222222222222222222222200000000550000333333333333333333333333300000055000000004444444444444444444444000005
500002222222222222222222222200000000550000333333333333333333333333300000055000000004444444444444444444444000005
500002222222222222222222222200000000550000333333333333333333333333300000055000000004444444444444444444444000005
500000000000000000000000000000000000550000000000000000000000000000000000055000000000000000000000000000000000005
500000000000000000000000000000000000550000000000000000000000000000000000055000000000000000000000000000000000005
500000000000000000000000000000000000550000000000000000000000000000000000055000000000000000000000000000000000005
500000000000000000000000000000000000550000000000000000000000000000000000055000000000000000000000000000000000005
155555555555555555555555555555555555555555555555555555555555555555555555555555555555555555555555555555555555551
